0.37,0.18,0.45,0.11,0.16,0.41,0.27,0.05:change topic
0.37,0.17,0.46,0,0,0,0,0:deepen the topic
0.37,0.18,0.45,0.11,0.16,0.41,0.27,0.05:change topic
0.37,0.17,0.46,0,0,0,0,0:deepen the topic
0.41,0.22,0.37,0.12,0.33,0.09,0.37,0.1:change topic
0.4,0.22,0.38,0.12,0.33,0.09,0.37,0.1:stop and listen
0.41,0.22,0.37,0,0,0,0,0:deepen the topic
0,0,0,0.0,0.0,1.0,0.0,0.0:speed up
0.37,0.18,0.45,0.11,0.16,0.41,0.27,0.05:change topic
0.37,0.17,0.46,0,0,0,0,0:deepen the topic
0.41,0.22,0.37,0.12,0.33,0.09,0.37,0.1:change topic
0.4,0.22,0.38,0.12,0.33,0.09,0.37,0.1:stop and listen
0.41,0.22,0.37,0,0,0,0,0:deepen the topic
0,0,0,0.0,0.0,1.0,0.0,0.0:speed up
0.37,0.18,0.45,0.11,0.16,0.41,0.27,0.05:change topic
0.37,0.17,0.46,0,0,0,0,0:deepen the topic
0.41,0.22,0.37,0.12,0.33,0.09,0.37,0.1:change topic
0.4,0.22,0.38,0.12,0.33,0.09,0.37,0.1:stop and listen
0.41,0.22,0.37,0,0,0,0,0:deepen the topic
0,0,0,0.0,0.0,1.0,0.0,0.0:speed up
0.37,0.18,0.45,0.11,0.16,0.41,0.27,0.05:change topic
0.37,0.17,0.46,0,0,0,0,0:deepen the topic
0.41,0.22,0.37,0.12,0.33,0.09,0.37,0.1:change topic
0.4,0.22,0.38,0.12,0.33,0.09,0.37,0.1:stop and listen
0.41,0.22,0.37,0,0,0,0,0:deepen the topic
0,0,0,0.0,0.0,1.0,0.0,0.0:speed up
0.37,0.18,0.45,0.11,0.16,0.41,0.27,0.05:change topic
0.37,0.17,0.46,0,0,0,0,0:deepen the topic
0.41,0.22,0.37,0.12,0.33,0.09,0.37,0.1:change topic
0.4,0.22,0.38,0.12,0.33,0.09,0.37,0.1:stop and listen
0.41,0.22,0.37,0,0,0,0,0:deepen the topic
0,0,0,0.0,0.0,1.0,0.0,0.0:speed up
0.37,0.18,0.45,0.11,0.16,0.41,0.27,0.05:change topic
0.37,0.17,0.46,0,0,0,0,0:deepen the topic
0.41,0.22,0.37,0.12,0.33,0.09,0.37,0.1:change topic
0.4,0.22,0.38,0.12,0.33,0.09,0.37,0.1:stop and listen
0.41,0.22,0.37,0,0,0,0,0:deepen the topic
0,0,0,0.0,0.0,1.0,0.0,0.0:speed up
0.37,0.18,0.45,0.11,0.16,0.41,0.27,0.05:change topic
0.37,0.17,0.46,0,0,0,0,0:deepen the topic
0.41,0.22,0.37,0.12,0.33,0.09,0.37,0.1:change topic
0.4,0.22,0.38,0.12,0.33,0.09,0.37,0.1:stop and listen
0.41,0.22,0.37,0,0,0,0,0:deepen the topic
0,0,0,0.0,0.0,1.0,0.0,0.0:speed up
0.37,0.18,0.45,0.11,0.16,0.41,0.27,0.05:change topic
0.37,0.17,0.46,0,0,0,0,0:deepen the topic
0.41,0.22,0.37,0.12,0.33,0.09,0.37,0.1:change topic
0.4,0.22,0.38,0.12,0.33,0.09,0.37,0.1:stop and listen
0.41,0.22,0.37,0,0,0,0,0:deepen the topic
0,0,0,0.0,0.0,1.0,0.0,0.0:speed up
0.37,0.18,0.45,0.11,0.16,0.41,0.27,0.05:change topic
0.37,0.17,0.46,0,0,0,0,0:deepen the topic
0.41,0.22,0.37,0.12,0.33,0.09,0.37,0.1:change topic
0.4,0.22,0.38,0.12,0.33,0.09,0.37,0.1:stop and listen
0.41,0.22,0.37,0,0,0,0,0:deepen the topic
0,0,0,0.0,0.0,1.0,0.0,0.0:speed up
0,0,0,0,0,0,0,0:change topic
0,0,0,0,0,0,0,0:stop and listen
0,0,0,0,0,0,0,0:change topic
0.37,0.18,0.45,0.11,0.16,0.41,0.27,0.05:change topic
0.37,0.17,0.46,0,0,0,0,0:deepen the topic
0.41,0.22,0.37,0.12,0.33,0.09,0.37,0.1:change topic
0.4,0.22,0.38,0.12,0.33,0.09,0.37,0.1:stop and listen
0.41,0.22,0.37,0,0,0,0,0:deepen the topic
0,0,0,0.0,0.0,1.0,0.0,0.0:speed up
0,0,0,0,0,0,0,0:change topic
0,0,0,0,0,0,0,0:stop and listen
0,0,0,0,0,0,0,0:change topic
0.37,0.18,0.45,0.11,0.16,0.41,0.27,0.05:change topic
0.37,0.17,0.46,0,0,0,0,0:deepen the topic
0.41,0.22,0.37,0.12,0.33,0.09,0.37,0.1:change topic
0.4,0.22,0.38,0.12,0.33,0.09,0.37,0.1:stop and listen
0.41,0.22,0.37,0,0,0,0,0:deepen the topic
0,0,0,0.0,0.0,1.0,0.0,0.0:speed up
0,0,0,0,0,0,0,0:change topic
0,0,0,0,0,0,0,0:stop and listen
0,0,0,0,0,0,0,0:change topic
0.37,0.18,0.45,0.11,0.16,0.41,0.27,0.05:change topic
0.37,0.17,0.46,0,0,0,0,0:deepen the topic
0.41,0.22,0.37,0.12,0.33,0.09,0.37,0.1:change topic
0.4,0.22,0.38,0.12,0.33,0.09,0.37,0.1:stop and listen
0.41,0.22,0.37,0,0,0,0,0:deepen the topic
0,0,0,0.0,0.0,1.0,0.0,0.0:speed up
0,0,0,0,0,0,0,0:change topic
0,0,0,0,0,0,0,0:stop and listen
0,0,0,0,0,0,0,0:change topic
0.37,0.18,0.45,0.11,0.16,0.41,0.27,0.05:change topic
0.37,0.17,0.46,0,0,0,0,0:deepen the topic
0.41,0.22,0.37,0.12,0.33,0.09,0.37,0.1:change topic
0.4,0.22,0.38,0.12,0.33,0.09,0.37,0.1:stop and listen
0.41,0.22,0.37,0,0,0,0,0:deepen the topic
0,0,0,0.0,0.0,1.0,0.0,0.0:speed up
0,0,0,0,0,0,0,0:change topic
0,0,0,0,0,0,0,0:stop and listen
0,0,0,0,0,0,0,0:change topic
0.37,0.18,0.45,0.11,0.16,0.41,0.27,0.05:change topic
0.37,0.17,0.46,0,0,0,0,0:deepen the topic
0.41,0.22,0.37,0.12,0.33,0.09,0.37,0.1:change topic
0.4,0.22,0.38,0.12,0.33,0.09,0.37,0.1:stop and listen
0.41,0.22,0.37,0,0,0,0,0:deepen the topic
0,0,0,0.0,0.0,1.0,0.0,0.0:speed up
0,0,0,0,0,0,0,0:change topic
0,0,0,0,0,0,0,0:stop and listen
0,0,0,0,0,0,0,0:change topic
0.21,0.05,0.74,0,0,0,0,0:change topic
0.21,0.05,0.74,0,0,0,0,0:engage in discussion
0.21,0.05,0.74,0,0,0,0,0:pay attention
0.34,0.15,0.52,0,0,0,0,0:engage in discussion
0.34,0.15,0.52,0,0,0,0,0:engage in discussion
0.34,0.15,0.52,0,0,0,0,0:engage in discussion
0.34,0.15,0.52,0,0,0,0,0:engage in discussion
0.34,0.15,0.52,0,0,0,0,0:engage in discussion
0.34,0.15,0.52,0,0,0,0,0:engage in discussion
0.34,0.15,0.52,0,0,0,0,0:engage in discussion
0.34,0.15,0.52,0,0,0,0,0:engage in discussion
0.34,0.15,0.52,0,0,0,0,0:engage in discussion
0.34,0.15,0.52,0,0,0,0,0:engage in discussion
0.34,0.15,0.52,0,0,0,0,0:engage in discussion
0.34,0.15,0.52,0,0,0,0,0:engage in discussion
0.34,0.15,0.52,0,0,0,0,0:engage in discussion
0.34,0.15,0.52,0,0,0,0,0:engage in discussion
0.37,0.18,0.45,0.11,0.16,0.41,0.27,0.05:change topic
0.37,0.17,0.46,0,0,0,0,0:deepen the topic
0.41,0.22,0.37,0.12,0.33,0.09,0.37,0.1:change topic
0.4,0.22,0.38,0.12,0.33,0.09,0.37,0.1:stop and listen
0.41,0.22,0.37,0,0,0,0,0:deepen the topic
0,0,0,0.0,0.0,1.0,0.0,0.0:speed up
0,0,0,0,0,0,0,0:change topic
0,0,0,0,0,0,0,0:stop and listen
0,0,0,0,0,0,0,0:change topic
0.21,0.05,0.74,0,0,0,0,0:change topic
0.21,0.05,0.74,0,0,0,0,0:engage in discussion
0.21,0.05,0.74,0,0,0,0,0:pay attention
0.34,0.15,0.52,0,0,0,0,0:engage in discussion
0.34,0.15,0.52,0,0,0,0,0:engage in discussion
0.34,0.15,0.52,0,0,0,0,0:engage in discussion
0.34,0.15,0.52,0,0,0,0,0:engage in discussion
0.34,0.15,0.52,0,0,0,0,0:engage in discussion
0.34,0.15,0.52,0,0,0,0,0:engage in discussion
0.34,0.15,0.52,0,0,0,0,0:engage in discussion
0.34,0.15,0.52,0,0,0,0,0:engage in discussion
0.34,0.15,0.52,0,0,0,0,0:engage in discussion
0.34,0.15,0.52,0,0,0,0,0:engage in discussion
0.34,0.15,0.52,0,0,0,0,0:engage in discussion
0.34,0.15,0.52,0,0,0,0,0:engage in discussion
0.34,0.15,0.52,0,0,0,0,0:engage in discussion
0.34,0.15,0.52,0,0,0,0,0:engage in discussion
0.37,0.18,0.45,0.11,0.16,0.41,0.27,0.05:change topic
0.37,0.17,0.46,0,0,0,0,0:deepen the topic
0.41,0.22,0.37,0.12,0.33,0.09,0.37,0.1:change topic
0.4,0.22,0.38,0.12,0.33,0.09,0.37,0.1:stop and listen
0.41,0.22,0.37,0,0,0,0,0:deepen the topic
0,0,0,0.0,0.0,1.0,0.0,0.0:speed up
0,0,0,0,0,0,0,0:change topic
0,0,0,0,0,0,0,0:stop and listen
0,0,0,0,0,0,0,0:change topic
0.21,0.05,0.74,0,0,0,0,0:change topic
0.21,0.05,0.74,0,0,0,0,0:engage in discussion
0.21,0.05,0.74,0,0,0,0,0:pay attention
0.34,0.15,0.52,0,0,0,0,0:engage in discussion
0.34,0.15,0.52,0,0,0,0,0:engage in discussion
0.34,0.15,0.52,0,0,0,0,0:engage in discussion
0.34,0.15,0.52,0,0,0,0,0:engage in discussion
0.34,0.15,0.52,0,0,0,0,0:engage in discussion
0.34,0.15,0.52,0,0,0,0,0:engage in discussion
0.34,0.15,0.52,0,0,0,0,0:engage in discussion
0.34,0.15,0.52,0,0,0,0,0:engage in discussion
0.34,0.15,0.52,0,0,0,0,0:engage in discussion
0.34,0.15,0.52,0,0,0,0,0:engage in discussion
0.34,0.15,0.52,0,0,0,0,0:engage in discussion
0.34,0.15,0.52,0,0,0,0,0:engage in discussion
0.34,0.15,0.52,0,0,0,0,0:engage in discussion
0.34,0.15,0.52,0,0,0,0,0:engage in discussion
0.37,0.18,0.45,0.11,0.16,0.41,0.27,0.05:change topic
0.37,0.17,0.46,0,0,0,0,0:deepen the topic
0.41,0.22,0.37,0.12,0.33,0.09,0.37,0.1:change topic
0.4,0.22,0.38,0.12,0.33,0.09,0.37,0.1:stop and listen
0.41,0.22,0.37,0,0,0,0,0:deepen the topic
0,0,0,0.0,0.0,1.0,0.0,0.0:speed up
0,0,0,0,0,0,0,0:change topic
0,0,0,0,0,0,0,0:stop and listen
0,0,0,0,0,0,0,0:change topic
0.21,0.05,0.74,0,0,0,0,0:change topic
0.21,0.05,0.74,0,0,0,0,0:engage in discussion
0.21,0.05,0.74,0,0,0,0,0:pay attention
0.34,0.15,0.52,0,0,0,0,0:engage in discussion
0.34,0.15,0.52,0,0,0,0,0:engage in discussion
0.34,0.15,0.52,0,0,0,0,0:engage in discussion
0.34,0.15,0.52,0,0,0,0,0:engage in discussion
0.34,0.15,0.52,0,0,0,0,0:engage in discussion
0.34,0.15,0.52,0,0,0,0,0:engage in discussion
0.34,0.15,0.52,0,0,0,0,0:engage in discussion
0.34,0.15,0.52,0,0,0,0,0:engage in discussion
0.34,0.15,0.52,0,0,0,0,0:engage in discussion
0.34,0.15,0.52,0,0,0,0,0:engage in discussion
0.34,0.15,0.52,0,0,0,0,0:engage in discussion
0.34,0.15,0.52,0,0,0,0,0:engage in discussion
0.34,0.15,0.52,0,0,0,0,0:engage in discussion
0.34,0.15,0.52,0,0,0,0,0:engage in discussion
0.38,0.24,0.38,0.0,0.0,1.0,0.0,0.0:change topic
0.39,0.24,0.37,0.0,0.0,1.0,0.0,0.0:change topic
0.39,0.24,0.37,0.0,0.0,1.0,0.0,0.0:change topic
0.39,0.24,0.37,0.0,0.0,1.0,0.0,0.0:change topic
0.38,0.23,0.39,0.0,0.0,1.0,0.0,0.0:change topic
0.38,0.23,0.39,0.0,0.0,1.0,0.0,0.0:change topic
0.38,0.23,0.39,0.0,0.0,1.0,0.0,0.0:change topic
0.38,0.23,0.39,0.0,0.0,1.0,0.0,0.0:change topic
0.39,0.23,0.38,0.0,0.0,1.0,0.0,0.0:change topic
0.39,0.23,0.38,0.0,0.0,1.0,0.0,0.0:change topic
0.38,0.22,0.39,0,0,0,0,0:pay attention
0.39,0.22,0.39,0,0,0,0,0:ask questions
0.39,0.22,0.39,0,0,0,0,0:ask questions
0.39,0.22,0.39,0,0,0,0,0:ask questions
0.38,0.23,0.39,0,0,0,0,0:ask questions
0.38,0.23,0.39,0,0,0,0,0:ask questions
0.38,0.24,0.39,0,0,0,0,0:ask questions
0.38,0.24,0.39,0,0,0,0,0:ask questions
0.38,0.24,0.39,0,0,0,0,0:ask questions
0.38,0.23,0.4,0,0,0,0,0:ask questions
0.38,0.23,0.4,0.0,0.0,1.0,0.0,0.0:ask questions
0.38,0.23,0.4,0.0,0.0,1.0,0.0,0.0:ask questions
0.38,0.23,0.4,0.0,0.0,1.0,0.0,0.0:pay attention
0.38,0.23,0.4,0.0,0.0,1.0,0.0,0.0:pay attention
0.38,0.23,0.39,0.0,0.0,1.0,0.0,0.0:pay attention
0.38,0.23,0.39,0.0,0.0,1.0,0.0,0.0:pay attention
0.39,0.24,0.37,0.0,0.0,1.0,0.0,0.0:pay attention
0.39,0.24,0.37,0.0,0.0,1.0,0.0,0.0:pay attention
0.39,0.24,0.37,0.0,0.0,1.0,0.0,0.0:pay attention
0.39,0.24,0.37,0.0,0.0,1.0,0.0,0.0:pay attention
0.39,0.24,0.37,0.0,0.0,1.0,0.0,0.0:pay attention
0.39,0.24,0.37,0.0,0.0,1.0,0.0,0.0:pay attention
0.39,0.24,0.37,0.0,0.0,1.0,0.0,0.0:pay attention
0.38,0.22,0.39,0.0,0.0,1.0,0.0,0.0:pay attention
0.38,0.22,0.39,0.0,0.0,1.0,0.0,0.0:pay attention
0.38,0.22,0.39,0.0,0.0,1.0,0.0,0.0:pay attention
0.38,0.22,0.39,0.0,0.0,1.0,0.0,0.0:pay attention
0.38,0.23,0.38,0.0,0.0,1.0,0.0,0.0:pay attention
0.38,0.23,0.38,0.0,0.0,1.0,0.0,0.0:pay attention
0.38,0.23,0.38,0.0,0.0,1.0,0.0,0.0:pay attention
0.38,0.23,0.38,0.0,0.0,1.0,0.0,0.0:pay attention
0.37,0.18,0.45,0.11,0.16,0.41,0.27,0.05:change topic
0.37,0.17,0.46,0,0,0,0,0:deepen the topic
0.41,0.22,0.37,0.12,0.33,0.09,0.37,0.1:change topic
0.4,0.22,0.38,0.12,0.33,0.09,0.37,0.1:stop and listen
0.41,0.22,0.37,0,0,0,0,0:deepen the topic
0,0,0,0.0,0.0,1.0,0.0,0.0:speed up
0,0,0,0,0,0,0,0:change topic
0,0,0,0,0,0,0,0:stop and listen
0,0,0,0,0,0,0,0:change topic
0.21,0.05,0.74,0,0,0,0,0:change topic
0.21,0.05,0.74,0,0,0,0,0:engage in discussion
0.21,0.05,0.74,0,0,0,0,0:pay attention
0.34,0.15,0.52,0,0,0,0,0:engage in discussion
0.34,0.15,0.52,0,0,0,0,0:engage in discussion
0.34,0.15,0.52,0,0,0,0,0:engage in discussion
0.34,0.15,0.52,0,0,0,0,0:engage in discussion
0.34,0.15,0.52,0,0,0,0,0:engage in discussion
0.34,0.15,0.52,0,0,0,0,0:engage in discussion
0.34,0.15,0.52,0,0,0,0,0:engage in discussion
0.34,0.15,0.52,0,0,0,0,0:engage in discussion
0.34,0.15,0.52,0,0,0,0,0:engage in discussion
0.34,0.15,0.52,0,0,0,0,0:engage in discussion
0.34,0.15,0.52,0,0,0,0,0:engage in discussion
0.34,0.15,0.52,0,0,0,0,0:engage in discussion
0.34,0.15,0.52,0,0,0,0,0:engage in discussion
0.34,0.15,0.52,0,0,0,0,0:engage in discussion
0.38,0.24,0.38,0.0,0.0,1.0,0.0,0.0:change topic
0.39,0.24,0.37,0.0,0.0,1.0,0.0,0.0:change topic
0.39,0.24,0.37,0.0,0.0,1.0,0.0,0.0:change topic
0.39,0.24,0.37,0.0,0.0,1.0,0.0,0.0:change topic
0.38,0.23,0.39,0.0,0.0,1.0,0.0,0.0:change topic
0.38,0.23,0.39,0.0,0.0,1.0,0.0,0.0:change topic
0.38,0.23,0.39,0.0,0.0,1.0,0.0,0.0:change topic
0.38,0.23,0.39,0.0,0.0,1.0,0.0,0.0:change topic
0.39,0.23,0.38,0.0,0.0,1.0,0.0,0.0:change topic
0.39,0.23,0.38,0.0,0.0,1.0,0.0,0.0:change topic
0.38,0.22,0.39,0,0,0,0,0:pay attention
0.39,0.22,0.39,0,0,0,0,0:ask questions
0.39,0.22,0.39,0,0,0,0,0:ask questions
0.39,0.22,0.39,0,0,0,0,0:ask questions
0.38,0.23,0.39,0,0,0,0,0:ask questions
0.38,0.23,0.39,0,0,0,0,0:ask questions
0.38,0.24,0.39,0,0,0,0,0:ask questions
0.38,0.24,0.39,0,0,0,0,0:ask questions
0.38,0.24,0.39,0,0,0,0,0:ask questions
0.38,0.23,0.4,0,0,0,0,0:ask questions
0.38,0.23,0.4,0.0,0.0,1.0,0.0,0.0:ask questions
0.38,0.23,0.4,0.0,0.0,1.0,0.0,0.0:ask questions
0.38,0.23,0.4,0.0,0.0,1.0,0.0,0.0:pay attention
0.38,0.23,0.4,0.0,0.0,1.0,0.0,0.0:pay attention
0.38,0.23,0.39,0.0,0.0,1.0,0.0,0.0:pay attention
0.38,0.23,0.39,0.0,0.0,1.0,0.0,0.0:pay attention
0.39,0.24,0.37,0.0,0.0,1.0,0.0,0.0:pay attention
0.39,0.24,0.37,0.0,0.0,1.0,0.0,0.0:pay attention
0.39,0.24,0.37,0.0,0.0,1.0,0.0,0.0:pay attention
0.39,0.24,0.37,0.0,0.0,1.0,0.0,0.0:pay attention
0.39,0.24,0.37,0.0,0.0,1.0,0.0,0.0:pay attention
0.39,0.24,0.37,0.0,0.0,1.0,0.0,0.0:pay attention
0.39,0.24,0.37,0.0,0.0,1.0,0.0,0.0:pay attention
0.38,0.22,0.39,0.0,0.0,1.0,0.0,0.0:pay attention
0.38,0.22,0.39,0.0,0.0,1.0,0.0,0.0:pay attention
0.38,0.22,0.39,0.0,0.0,1.0,0.0,0.0:pay attention
0.38,0.22,0.39,0.0,0.0,1.0,0.0,0.0:pay attention
0.38,0.23,0.38,0.0,0.0,1.0,0.0,0.0:pay attention
0.38,0.23,0.38,0.0,0.0,1.0,0.0,0.0:pay attention
0.38,0.23,0.38,0.0,0.0,1.0,0.0,0.0:pay attention
0.38,0.23,0.38,0.0,0.0,1.0,0.0,0.0:pay attention
0.39,0.23,0.38,0,0,0,0,0:ask questions
0.39,0.23,0.38,0,0,0,0,0:ask questions
0.38,0.24,0.38,0,0,0,0,0:ask questions
0.38,0.24,0.38,0,0,0,0,0:ask questions
0.38,0.24,0.38,0,0,0,0,0:ask questions
0.38,0.23,0.39,0,0,0,0,0:ask questions
0.38,0.23,0.39,0,0,0,0,0:ask questions
0.38,0.23,0.39,0,0,0,0,0:ask questions
0.38,0.23,0.4,0.0,0.0,1.0,0.0,0.0:pay attention
0.38,0.23,0.4,0.0,0.0,1.0,0.0,0.0:pay attention
0.38,0.23,0.4,0.0,0.0,1.0,0.0,0.0:pay attention
0.38,0.23,0.4,0.0,0.0,1.0,0.0,0.0:pay attention
0.38,0.23,0.4,0.0,0.0,1.0,0.0,0.0:pay attention
0.38,0.23,0.4,0.0,0.0,1.0,0.0,0.0:pay attention
0.38,0.22,0.4,0.0,0.0,1.0,0.0,0.0:pay attention
0.38,0.22,0.4,0.0,0.0,1.0,0.0,0.0:pay attention
0.38,0.23,0.39,0.0,0.0,1.0,0.0,0.0:pay attention
0.38,0.23,0.39,0.0,0.0,1.0,0.0,0.0:pay attention
0.38,0.23,0.39,0.0,0.0,1.0,0.0,0.0:pay attention
0.38,0.23,0.39,0.0,0.0,1.0,0.0,0.0:pay attention
0.39,0.24,0.37,0.0,0.0,1.0,0.0,0.0:pay attention
0.39,0.24,0.37,0.0,0.0,0.83,0.0,0.17:pay attention
0.39,0.24,0.37,0.0,0.0,0.83,0.0,0.17:pay attention
0.39,0.24,0.37,0.0,0.0,0.83,0.0,0.17:pay attention
0.37,0.18,0.45,0.11,0.16,0.41,0.27,0.05:change topic
0.37,0.17,0.46,0,0,0,0,0:deepen the topic
0.41,0.22,0.37,0.12,0.33,0.09,0.37,0.1:change topic
0.4,0.22,0.38,0.12,0.33,0.09,0.37,0.1:stop and listen
0.41,0.22,0.37,0,0,0,0,0:deepen the topic
0,0,0,0.0,0.0,1.0,0.0,0.0:speed up
0,0,0,0,0,0,0,0:change topic
0,0,0,0,0,0,0,0:stop and listen
0,0,0,0,0,0,0,0:change topic
0.21,0.05,0.74,0,0,0,0,0:change topic
0.21,0.05,0.74,0,0,0,0,0:engage in discussion
0.21,0.05,0.74,0,0,0,0,0:pay attention
0.34,0.15,0.52,0,0,0,0,0:engage in discussion
0.34,0.15,0.52,0,0,0,0,0:engage in discussion
0.34,0.15,0.52,0,0,0,0,0:engage in discussion
0.34,0.15,0.52,0,0,0,0,0:engage in discussion
0.34,0.15,0.52,0,0,0,0,0:engage in discussion
0.34,0.15,0.52,0,0,0,0,0:engage in discussion
0.34,0.15,0.52,0,0,0,0,0:engage in discussion
0.34,0.15,0.52,0,0,0,0,0:engage in discussion
0.34,0.15,0.52,0,0,0,0,0:engage in discussion
0.34,0.15,0.52,0,0,0,0,0:engage in discussion
0.34,0.15,0.52,0,0,0,0,0:engage in discussion
0.34,0.15,0.52,0,0,0,0,0:engage in discussion
0.34,0.15,0.52,0,0,0,0,0:engage in discussion
0.34,0.15,0.52,0,0,0,0,0:engage in discussion
0.38,0.24,0.38,0.0,0.0,1.0,0.0,0.0:change topic
0.39,0.24,0.37,0.0,0.0,1.0,0.0,0.0:change topic
0.39,0.24,0.37,0.0,0.0,1.0,0.0,0.0:change topic
0.39,0.24,0.37,0.0,0.0,1.0,0.0,0.0:change topic
0.38,0.23,0.39,0.0,0.0,1.0,0.0,0.0:change topic
0.38,0.23,0.39,0.0,0.0,1.0,0.0,0.0:change topic
0.38,0.23,0.39,0.0,0.0,1.0,0.0,0.0:change topic
0.38,0.23,0.39,0.0,0.0,1.0,0.0,0.0:change topic
0.39,0.23,0.38,0.0,0.0,1.0,0.0,0.0:change topic
0.39,0.23,0.38,0.0,0.0,1.0,0.0,0.0:change topic
0.38,0.22,0.39,0,0,0,0,0:pay attention
0.39,0.22,0.39,0,0,0,0,0:ask questions
0.39,0.22,0.39,0,0,0,0,0:ask questions
0.39,0.22,0.39,0,0,0,0,0:ask questions
0.38,0.23,0.39,0,0,0,0,0:ask questions
0.38,0.23,0.39,0,0,0,0,0:ask questions
0.38,0.24,0.39,0,0,0,0,0:ask questions
0.38,0.24,0.39,0,0,0,0,0:ask questions
0.38,0.24,0.39,0,0,0,0,0:ask questions
0.38,0.23,0.4,0,0,0,0,0:ask questions
0.38,0.23,0.4,0.0,0.0,1.0,0.0,0.0:ask questions
0.38,0.23,0.4,0.0,0.0,1.0,0.0,0.0:ask questions
0.38,0.23,0.4,0.0,0.0,1.0,0.0,0.0:pay attention
0.38,0.23,0.4,0.0,0.0,1.0,0.0,0.0:pay attention
0.38,0.23,0.39,0.0,0.0,1.0,0.0,0.0:pay attention
0.38,0.23,0.39,0.0,0.0,1.0,0.0,0.0:pay attention
0.39,0.24,0.37,0.0,0.0,1.0,0.0,0.0:pay attention
0.39,0.24,0.37,0.0,0.0,1.0,0.0,0.0:pay attention
0.39,0.24,0.37,0.0,0.0,1.0,0.0,0.0:pay attention
0.39,0.24,0.37,0.0,0.0,1.0,0.0,0.0:pay attention
0.39,0.24,0.37,0.0,0.0,1.0,0.0,0.0:pay attention
0.39,0.24,0.37,0.0,0.0,1.0,0.0,0.0:pay attention
0.39,0.24,0.37,0.0,0.0,1.0,0.0,0.0:pay attention
0.38,0.22,0.39,0.0,0.0,1.0,0.0,0.0:pay attention
0.38,0.22,0.39,0.0,0.0,1.0,0.0,0.0:pay attention
0.38,0.22,0.39,0.0,0.0,1.0,0.0,0.0:pay attention
0.38,0.22,0.39,0.0,0.0,1.0,0.0,0.0:pay attention
0.38,0.23,0.38,0.0,0.0,1.0,0.0,0.0:pay attention
0.38,0.23,0.38,0.0,0.0,1.0,0.0,0.0:pay attention
0.38,0.23,0.38,0.0,0.0,1.0,0.0,0.0:pay attention
0.38,0.23,0.38,0.0,0.0,1.0,0.0,0.0:pay attention
0.39,0.23,0.38,0,0,0,0,0:ask questions
0.39,0.23,0.38,0,0,0,0,0:ask questions
0.38,0.24,0.38,0,0,0,0,0:ask questions
0.38,0.24,0.38,0,0,0,0,0:ask questions
0.38,0.24,0.38,0,0,0,0,0:ask questions
0.38,0.23,0.39,0,0,0,0,0:ask questions
0.38,0.23,0.39,0,0,0,0,0:ask questions
0.38,0.23,0.39,0,0,0,0,0:ask questions
0.38,0.23,0.4,0.0,0.0,1.0,0.0,0.0:pay attention
0.38,0.23,0.4,0.0,0.0,1.0,0.0,0.0:pay attention
0.38,0.23,0.4,0.0,0.0,1.0,0.0,0.0:pay attention
0.38,0.23,0.4,0.0,0.0,1.0,0.0,0.0:pay attention
0.38,0.23,0.4,0.0,0.0,1.0,0.0,0.0:pay attention
0.38,0.23,0.4,0.0,0.0,1.0,0.0,0.0:pay attention
0.38,0.22,0.4,0.0,0.0,1.0,0.0,0.0:pay attention
0.38,0.22,0.4,0.0,0.0,1.0,0.0,0.0:pay attention
0.38,0.23,0.39,0.0,0.0,1.0,0.0,0.0:pay attention
0.38,0.23,0.39,0.0,0.0,1.0,0.0,0.0:pay attention
0.38,0.23,0.39,0.0,0.0,1.0,0.0,0.0:pay attention
0.38,0.23,0.39,0.0,0.0,1.0,0.0,0.0:pay attention
0.39,0.24,0.37,0.0,0.0,1.0,0.0,0.0:pay attention
0.39,0.24,0.37,0.0,0.0,0.83,0.0,0.17:pay attention
0.39,0.24,0.37,0.0,0.0,0.83,0.0,0.17:pay attention
0.39,0.24,0.37,0.0,0.0,0.83,0.0,0.17:pay attention
0.4,0.25,0.35,0,0,0,0,0:pay attention
0.4,0.25,0.35,0,0,0,0,0:pay attention
0.4,0.25,0.35,0.0,0.0,0.99,0.0,0.01:engage in discussion
0.39,0.24,0.37,0.0,0.0,0.99,0.0,0.01:pay attention
0.39,0.24,0.37,0.0,0.0,0.99,0.0,0.01:pay attention
0.39,0.24,0.37,0.0,0.0,0.99,0.0,0.01:pay attention
0.39,0.23,0.38,0.0,0.0,0.99,0.0,0.01:pay attention
0.39,0.23,0.38,0.0,0.0,0.99,0.0,0.01:pay attention
0.39,0.23,0.38,0.0,0.0,0.99,0.0,0.01:pay attention
0.4,0.25,0.35,0.0,0.0,0.99,0.0,0.01:pay attention
0.4,0.25,0.35,0,0,0,0,0:pay attention
0.4,0.25,0.35,0,0,0,0,0:pay attention
0.4,0.25,0.35,0,0,0,0,0:pay attention
0.4,0.25,0.35,0,0,0,0,0:pay attention
0.4,0.25,0.35,0,0,0,0,0:engage in discussion
0.4,0.26,0.34,0,0,0,0,0:pay attention
0.4,0.26,0.34,0,0,0,0,0:pay attention
0.4,0.24,0.36,0,0,0,0,0:pay attention
0.4,0.24,0.36,0.01,0.0,0.93,0.0,0.06:pay attention
0.4,0.24,0.36,0.01,0.0,0.93,0.0,0.06:pay attention
0.4,0.25,0.35,0.01,0.0,0.93,0.0,0.06:pay attention
0.4,0.25,0.35,0.01,0.0,0.93,0.0,0.06:engage in discussion
0.4,0.25,0.35,0.01,0.0,0.93,0.0,0.06:engage in discussion
0.39,0.24,0.36,0.01,0.0,0.93,0.0,0.06:pay attention
0.39,0.24,0.36,0.01,0.0,0.93,0.0,0.06:pay attention
0.39,0.24,0.36,0.01,0.0,0.93,0.0,0.06:pay attention
0.39,0.23,0.38,0.01,0.0,0.93,0.0,0.06:pay attention
0.39,0.23,0.38,0.01,0.0,0.93,0.0,0.06:pay attention
0.39,0.23,0.38,0.01,0.0,0.93,0.0,0.06:pay attention
0.39,0.23,0.38,0.25,0.09,0.42,0.23,0.0:pay attention
0.4,0.25,0.35,0.25,0.09,0.42,0.23,0.0:pay attention
0.39,0.23,0.39,0.25,0.09,0.42,0.23,0.0:pay attention
0.39,0.23,0.39,0.25,0.09,0.42,0.23,0.0:pay attention
0.4,0.25,0.35,0.25,0.09,0.42,0.23,0.0:pay attention
0.4,0.25,0.35,0.25,0.09,0.42,0.23,0.0:pay attention
0.4,0.25,0.35,0.25,0.09,0.42,0.23,0.0:pay attention
0.37,0.18,0.45,0.11,0.16,0.41,0.27,0.05:change topic
0.37,0.17,0.46,0,0,0,0,0:deepen the topic
0.41,0.22,0.37,0.12,0.33,0.09,0.37,0.1:change topic
0.4,0.22,0.38,0.12,0.33,0.09,0.37,0.1:stop and listen
0.41,0.22,0.37,0,0,0,0,0:deepen the topic
0,0,0,0.0,0.0,1.0,0.0,0.0:speed up
0,0,0,0,0,0,0,0:change topic
0,0,0,0,0,0,0,0:stop and listen
0,0,0,0,0,0,0,0:change topic
0.21,0.05,0.74,0,0,0,0,0:change topic
0.21,0.05,0.74,0,0,0,0,0:engage in discussion
0.21,0.05,0.74,0,0,0,0,0:pay attention
0.34,0.15,0.52,0,0,0,0,0:engage in discussion
0.34,0.15,0.52,0,0,0,0,0:engage in discussion
0.34,0.15,0.52,0,0,0,0,0:engage in discussion
0.34,0.15,0.52,0,0,0,0,0:engage in discussion
0.34,0.15,0.52,0,0,0,0,0:engage in discussion
0.34,0.15,0.52,0,0,0,0,0:engage in discussion
0.34,0.15,0.52,0,0,0,0,0:engage in discussion
0.34,0.15,0.52,0,0,0,0,0:engage in discussion
0.34,0.15,0.52,0,0,0,0,0:engage in discussion
0.34,0.15,0.52,0,0,0,0,0:engage in discussion
0.34,0.15,0.52,0,0,0,0,0:engage in discussion
0.34,0.15,0.52,0,0,0,0,0:engage in discussion
0.34,0.15,0.52,0,0,0,0,0:engage in discussion
0.34,0.15,0.52,0,0,0,0,0:engage in discussion
0.38,0.24,0.38,0.0,0.0,1.0,0.0,0.0:change topic
0.39,0.24,0.37,0.0,0.0,1.0,0.0,0.0:change topic
0.39,0.24,0.37,0.0,0.0,1.0,0.0,0.0:change topic
0.39,0.24,0.37,0.0,0.0,1.0,0.0,0.0:change topic
0.38,0.23,0.39,0.0,0.0,1.0,0.0,0.0:change topic
0.38,0.23,0.39,0.0,0.0,1.0,0.0,0.0:change topic
0.38,0.23,0.39,0.0,0.0,1.0,0.0,0.0:change topic
0.38,0.23,0.39,0.0,0.0,1.0,0.0,0.0:change topic
0.39,0.23,0.38,0.0,0.0,1.0,0.0,0.0:change topic
0.39,0.23,0.38,0.0,0.0,1.0,0.0,0.0:change topic
0.38,0.22,0.39,0,0,0,0,0:pay attention
0.39,0.22,0.39,0,0,0,0,0:ask questions
0.39,0.22,0.39,0,0,0,0,0:ask questions
0.39,0.22,0.39,0,0,0,0,0:ask questions
0.38,0.23,0.39,0,0,0,0,0:ask questions
0.38,0.23,0.39,0,0,0,0,0:ask questions
0.38,0.24,0.39,0,0,0,0,0:ask questions
0.38,0.24,0.39,0,0,0,0,0:ask questions
0.38,0.24,0.39,0,0,0,0,0:ask questions
0.38,0.23,0.4,0,0,0,0,0:ask questions
0.38,0.23,0.4,0.0,0.0,1.0,0.0,0.0:ask questions
0.38,0.23,0.4,0.0,0.0,1.0,0.0,0.0:ask questions
0.38,0.23,0.4,0.0,0.0,1.0,0.0,0.0:pay attention
0.38,0.23,0.4,0.0,0.0,1.0,0.0,0.0:pay attention
0.38,0.23,0.39,0.0,0.0,1.0,0.0,0.0:pay attention
0.38,0.23,0.39,0.0,0.0,1.0,0.0,0.0:pay attention
0.39,0.24,0.37,0.0,0.0,1.0,0.0,0.0:pay attention
0.39,0.24,0.37,0.0,0.0,1.0,0.0,0.0:pay attention
0.39,0.24,0.37,0.0,0.0,1.0,0.0,0.0:pay attention
0.39,0.24,0.37,0.0,0.0,1.0,0.0,0.0:pay attention
0.39,0.24,0.37,0.0,0.0,1.0,0.0,0.0:pay attention
0.39,0.24,0.37,0.0,0.0,1.0,0.0,0.0:pay attention
0.39,0.24,0.37,0.0,0.0,1.0,0.0,0.0:pay attention
0.38,0.22,0.39,0.0,0.0,1.0,0.0,0.0:pay attention
0.38,0.22,0.39,0.0,0.0,1.0,0.0,0.0:pay attention
0.38,0.22,0.39,0.0,0.0,1.0,0.0,0.0:pay attention
0.38,0.22,0.39,0.0,0.0,1.0,0.0,0.0:pay attention
0.38,0.23,0.38,0.0,0.0,1.0,0.0,0.0:pay attention
0.38,0.23,0.38,0.0,0.0,1.0,0.0,0.0:pay attention
0.38,0.23,0.38,0.0,0.0,1.0,0.0,0.0:pay attention
0.38,0.23,0.38,0.0,0.0,1.0,0.0,0.0:pay attention
0.39,0.23,0.38,0,0,0,0,0:ask questions
0.39,0.23,0.38,0,0,0,0,0:ask questions
0.38,0.24,0.38,0,0,0,0,0:ask questions
0.38,0.24,0.38,0,0,0,0,0:ask questions
0.38,0.24,0.38,0,0,0,0,0:ask questions
0.38,0.23,0.39,0,0,0,0,0:ask questions
0.38,0.23,0.39,0,0,0,0,0:ask questions
0.38,0.23,0.39,0,0,0,0,0:ask questions
0.38,0.23,0.4,0.0,0.0,1.0,0.0,0.0:pay attention
0.38,0.23,0.4,0.0,0.0,1.0,0.0,0.0:pay attention
0.38,0.23,0.4,0.0,0.0,1.0,0.0,0.0:pay attention
0.38,0.23,0.4,0.0,0.0,1.0,0.0,0.0:pay attention
0.38,0.23,0.4,0.0,0.0,1.0,0.0,0.0:pay attention
0.38,0.23,0.4,0.0,0.0,1.0,0.0,0.0:pay attention
0.38,0.22,0.4,0.0,0.0,1.0,0.0,0.0:pay attention
0.38,0.22,0.4,0.0,0.0,1.0,0.0,0.0:pay attention
0.38,0.23,0.39,0.0,0.0,1.0,0.0,0.0:pay attention
0.38,0.23,0.39,0.0,0.0,1.0,0.0,0.0:pay attention
0.38,0.23,0.39,0.0,0.0,1.0,0.0,0.0:pay attention
0.38,0.23,0.39,0.0,0.0,1.0,0.0,0.0:pay attention
0.39,0.24,0.37,0.0,0.0,1.0,0.0,0.0:pay attention
0.39,0.24,0.37,0.0,0.0,0.83,0.0,0.17:pay attention
0.39,0.24,0.37,0.0,0.0,0.83,0.0,0.17:pay attention
0.39,0.24,0.37,0.0,0.0,0.83,0.0,0.17:pay attention
0.4,0.25,0.35,0,0,0,0,0:pay attention
0.4,0.25,0.35,0,0,0,0,0:pay attention
0.4,0.25,0.35,0.0,0.0,0.99,0.0,0.01:engage in discussion
0.39,0.24,0.37,0.0,0.0,0.99,0.0,0.01:pay attention
0.39,0.24,0.37,0.0,0.0,0.99,0.0,0.01:pay attention
0.39,0.24,0.37,0.0,0.0,0.99,0.0,0.01:pay attention
0.39,0.23,0.38,0.0,0.0,0.99,0.0,0.01:pay attention
0.39,0.23,0.38,0.0,0.0,0.99,0.0,0.01:pay attention
0.39,0.23,0.38,0.0,0.0,0.99,0.0,0.01:pay attention
0.4,0.25,0.35,0.0,0.0,0.99,0.0,0.01:pay attention
0.4,0.25,0.35,0,0,0,0,0:pay attention
0.4,0.25,0.35,0,0,0,0,0:pay attention
0.4,0.25,0.35,0,0,0,0,0:pay attention
0.4,0.25,0.35,0,0,0,0,0:pay attention
0.4,0.25,0.35,0,0,0,0,0:engage in discussion
0.4,0.26,0.34,0,0,0,0,0:pay attention
0.4,0.26,0.34,0,0,0,0,0:pay attention
0.4,0.24,0.36,0,0,0,0,0:pay attention
0.4,0.24,0.36,0.01,0.0,0.93,0.0,0.06:pay attention
0.4,0.24,0.36,0.01,0.0,0.93,0.0,0.06:pay attention
0.4,0.25,0.35,0.01,0.0,0.93,0.0,0.06:pay attention
0.4,0.25,0.35,0.01,0.0,0.93,0.0,0.06:engage in discussion
0.4,0.25,0.35,0.01,0.0,0.93,0.0,0.06:engage in discussion
0.39,0.24,0.36,0.01,0.0,0.93,0.0,0.06:pay attention
0.39,0.24,0.36,0.01,0.0,0.93,0.0,0.06:pay attention
0.39,0.24,0.36,0.01,0.0,0.93,0.0,0.06:pay attention
0.39,0.23,0.38,0.01,0.0,0.93,0.0,0.06:pay attention
0.39,0.23,0.38,0.01,0.0,0.93,0.0,0.06:pay attention
0.39,0.23,0.38,0.01,0.0,0.93,0.0,0.06:pay attention
0.39,0.23,0.38,0.25,0.09,0.42,0.23,0.0:pay attention
0.4,0.25,0.35,0.25,0.09,0.42,0.23,0.0:pay attention
0.39,0.23,0.39,0.25,0.09,0.42,0.23,0.0:pay attention
0.39,0.23,0.39,0.25,0.09,0.42,0.23,0.0:pay attention
0.4,0.25,0.35,0.25,0.09,0.42,0.23,0.0:pay attention
0.4,0.25,0.35,0.25,0.09,0.42,0.23,0.0:pay attention
0.4,0.25,0.35,0.25,0.09,0.42,0.23,0.0:pay attention
0.37,0.18,0.45,0.11,0.16,0.41,0.27,0.05:change topic
0.37,0.17,0.46,0,0,0,0,0:deepen the topic
0.41,0.22,0.37,0.12,0.33,0.09,0.37,0.1:change topic
0.4,0.22,0.38,0.12,0.33,0.09,0.37,0.1:stop and listen
0.41,0.22,0.37,0,0,0,0,0:deepen the topic
0,0,0,0.0,0.0,1.0,0.0,0.0:speed up
0,0,0,0,0,0,0,0:change topic
0,0,0,0,0,0,0,0:stop and listen
0,0,0,0,0,0,0,0:change topic
0.21,0.05,0.74,0,0,0,0,0:change topic
0.21,0.05,0.74,0,0,0,0,0:engage in discussion
0.21,0.05,0.74,0,0,0,0,0:pay attention
0.34,0.15,0.52,0,0,0,0,0:engage in discussion
0.34,0.15,0.52,0,0,0,0,0:engage in discussion
0.34,0.15,0.52,0,0,0,0,0:engage in discussion
0.34,0.15,0.52,0,0,0,0,0:engage in discussion
0.34,0.15,0.52,0,0,0,0,0:engage in discussion
0.34,0.15,0.52,0,0,0,0,0:engage in discussion
0.34,0.15,0.52,0,0,0,0,0:engage in discussion
0.34,0.15,0.52,0,0,0,0,0:engage in discussion
0.34,0.15,0.52,0,0,0,0,0:engage in discussion
0.34,0.15,0.52,0,0,0,0,0:engage in discussion
0.34,0.15,0.52,0,0,0,0,0:engage in discussion
0.34,0.15,0.52,0,0,0,0,0:engage in discussion
0.34,0.15,0.52,0,0,0,0,0:engage in discussion
0.34,0.15,0.52,0,0,0,0,0:engage in discussion
0.38,0.24,0.38,0.0,0.0,1.0,0.0,0.0:change topic
0.39,0.24,0.37,0.0,0.0,1.0,0.0,0.0:change topic
0.39,0.24,0.37,0.0,0.0,1.0,0.0,0.0:change topic
0.39,0.24,0.37,0.0,0.0,1.0,0.0,0.0:change topic
0.38,0.23,0.39,0.0,0.0,1.0,0.0,0.0:change topic
0.38,0.23,0.39,0.0,0.0,1.0,0.0,0.0:change topic
0.38,0.23,0.39,0.0,0.0,1.0,0.0,0.0:change topic
0.38,0.23,0.39,0.0,0.0,1.0,0.0,0.0:change topic
0.39,0.23,0.38,0.0,0.0,1.0,0.0,0.0:change topic
0.39,0.23,0.38,0.0,0.0,1.0,0.0,0.0:change topic
0.38,0.22,0.39,0,0,0,0,0:pay attention
0.39,0.22,0.39,0,0,0,0,0:ask questions
0.39,0.22,0.39,0,0,0,0,0:ask questions
0.39,0.22,0.39,0,0,0,0,0:ask questions
0.38,0.23,0.39,0,0,0,0,0:ask questions
0.38,0.23,0.39,0,0,0,0,0:ask questions
0.38,0.24,0.39,0,0,0,0,0:ask questions
0.38,0.24,0.39,0,0,0,0,0:ask questions
0.38,0.24,0.39,0,0,0,0,0:ask questions
0.38,0.23,0.4,0,0,0,0,0:ask questions
0.38,0.23,0.4,0.0,0.0,1.0,0.0,0.0:ask questions
0.38,0.23,0.4,0.0,0.0,1.0,0.0,0.0:ask questions
0.38,0.23,0.4,0.0,0.0,1.0,0.0,0.0:pay attention
0.38,0.23,0.4,0.0,0.0,1.0,0.0,0.0:pay attention
0.38,0.23,0.39,0.0,0.0,1.0,0.0,0.0:pay attention
0.38,0.23,0.39,0.0,0.0,1.0,0.0,0.0:pay attention
0.39,0.24,0.37,0.0,0.0,1.0,0.0,0.0:pay attention
0.39,0.24,0.37,0.0,0.0,1.0,0.0,0.0:pay attention
0.39,0.24,0.37,0.0,0.0,1.0,0.0,0.0:pay attention
0.39,0.24,0.37,0.0,0.0,1.0,0.0,0.0:pay attention
0.39,0.24,0.37,0.0,0.0,1.0,0.0,0.0:pay attention
0.39,0.24,0.37,0.0,0.0,1.0,0.0,0.0:pay attention
0.39,0.24,0.37,0.0,0.0,1.0,0.0,0.0:pay attention
0.38,0.22,0.39,0.0,0.0,1.0,0.0,0.0:pay attention
0.38,0.22,0.39,0.0,0.0,1.0,0.0,0.0:pay attention
0.38,0.22,0.39,0.0,0.0,1.0,0.0,0.0:pay attention
0.38,0.22,0.39,0.0,0.0,1.0,0.0,0.0:pay attention
0.38,0.23,0.38,0.0,0.0,1.0,0.0,0.0:pay attention
0.38,0.23,0.38,0.0,0.0,1.0,0.0,0.0:pay attention
0.38,0.23,0.38,0.0,0.0,1.0,0.0,0.0:pay attention
0.38,0.23,0.38,0.0,0.0,1.0,0.0,0.0:pay attention
0.39,0.23,0.38,0,0,0,0,0:ask questions
0.39,0.23,0.38,0,0,0,0,0:ask questions
0.38,0.24,0.38,0,0,0,0,0:ask questions
0.38,0.24,0.38,0,0,0,0,0:ask questions
0.38,0.24,0.38,0,0,0,0,0:ask questions
0.38,0.23,0.39,0,0,0,0,0:ask questions
0.38,0.23,0.39,0,0,0,0,0:ask questions
0.38,0.23,0.39,0,0,0,0,0:ask questions
0.38,0.23,0.4,0.0,0.0,1.0,0.0,0.0:pay attention
0.38,0.23,0.4,0.0,0.0,1.0,0.0,0.0:pay attention
0.38,0.23,0.4,0.0,0.0,1.0,0.0,0.0:pay attention
0.38,0.23,0.4,0.0,0.0,1.0,0.0,0.0:pay attention
0.38,0.23,0.4,0.0,0.0,1.0,0.0,0.0:pay attention
0.38,0.23,0.4,0.0,0.0,1.0,0.0,0.0:pay attention
0.38,0.22,0.4,0.0,0.0,1.0,0.0,0.0:pay attention
0.38,0.22,0.4,0.0,0.0,1.0,0.0,0.0:pay attention
0.38,0.23,0.39,0.0,0.0,1.0,0.0,0.0:pay attention
0.38,0.23,0.39,0.0,0.0,1.0,0.0,0.0:pay attention
0.38,0.23,0.39,0.0,0.0,1.0,0.0,0.0:pay attention
0.38,0.23,0.39,0.0,0.0,1.0,0.0,0.0:pay attention
0.39,0.24,0.37,0.0,0.0,1.0,0.0,0.0:pay attention
0.39,0.24,0.37,0.0,0.0,0.83,0.0,0.17:pay attention
0.39,0.24,0.37,0.0,0.0,0.83,0.0,0.17:pay attention
0.39,0.24,0.37,0.0,0.0,0.83,0.0,0.17:pay attention
0.4,0.25,0.35,0,0,0,0,0:pay attention
0.4,0.25,0.35,0,0,0,0,0:pay attention
0.4,0.25,0.35,0.0,0.0,0.99,0.0,0.01:engage in discussion
0.39,0.24,0.37,0.0,0.0,0.99,0.0,0.01:pay attention
0.39,0.24,0.37,0.0,0.0,0.99,0.0,0.01:pay attention
0.39,0.24,0.37,0.0,0.0,0.99,0.0,0.01:pay attention
0.39,0.23,0.38,0.0,0.0,0.99,0.0,0.01:pay attention
0.39,0.23,0.38,0.0,0.0,0.99,0.0,0.01:pay attention
0.39,0.23,0.38,0.0,0.0,0.99,0.0,0.01:pay attention
0.4,0.25,0.35,0.0,0.0,0.99,0.0,0.01:pay attention
0.4,0.25,0.35,0,0,0,0,0:pay attention
0.4,0.25,0.35,0,0,0,0,0:pay attention
0.4,0.25,0.35,0,0,0,0,0:pay attention
0.4,0.25,0.35,0,0,0,0,0:pay attention
0.4,0.25,0.35,0,0,0,0,0:engage in discussion
0.4,0.26,0.34,0,0,0,0,0:pay attention
0.4,0.26,0.34,0,0,0,0,0:pay attention
0.4,0.24,0.36,0,0,0,0,0:pay attention
0.4,0.24,0.36,0.01,0.0,0.93,0.0,0.06:pay attention
0.4,0.24,0.36,0.01,0.0,0.93,0.0,0.06:pay attention
0.4,0.25,0.35,0.01,0.0,0.93,0.0,0.06:pay attention
0.4,0.25,0.35,0.01,0.0,0.93,0.0,0.06:engage in discussion
0.4,0.25,0.35,0.01,0.0,0.93,0.0,0.06:engage in discussion
0.39,0.24,0.36,0.01,0.0,0.93,0.0,0.06:pay attention
0.39,0.24,0.36,0.01,0.0,0.93,0.0,0.06:pay attention
0.39,0.24,0.36,0.01,0.0,0.93,0.0,0.06:pay attention
0.39,0.23,0.38,0.01,0.0,0.93,0.0,0.06:pay attention
0.39,0.23,0.38,0.01,0.0,0.93,0.0,0.06:pay attention
0.39,0.23,0.38,0.01,0.0,0.93,0.0,0.06:pay attention
0.39,0.23,0.38,0.25,0.09,0.42,0.23,0.0:pay attention
0.4,0.25,0.35,0.25,0.09,0.42,0.23,0.0:pay attention
0.39,0.23,0.39,0.25,0.09,0.42,0.23,0.0:pay attention
0.39,0.23,0.39,0.25,0.09,0.42,0.23,0.0:pay attention
0.4,0.25,0.35,0.25,0.09,0.42,0.23,0.0:pay attention
0.4,0.25,0.35,0.25,0.09,0.42,0.23,0.0:pay attention
0.4,0.25,0.35,0.25,0.09,0.42,0.23,0.0:pay attention
0.37,0.18,0.45,0.11,0.16,0.41,0.27,0.05:change topic
0.37,0.17,0.46,0,0,0,0,0:deepen the topic
0.41,0.22,0.37,0.12,0.33,0.09,0.37,0.1:change topic
0.4,0.22,0.38,0.12,0.33,0.09,0.37,0.1:stop and listen
0.41,0.22,0.37,0,0,0,0,0:deepen the topic
0,0,0,0.0,0.0,1.0,0.0,0.0:speed up
0,0,0,0,0,0,0,0:change topic
0,0,0,0,0,0,0,0:stop and listen
0,0,0,0,0,0,0,0:change topic
0.21,0.05,0.74,0,0,0,0,0:change topic
0.21,0.05,0.74,0,0,0,0,0:engage in discussion
0.21,0.05,0.74,0,0,0,0,0:pay attention
0.34,0.15,0.52,0,0,0,0,0:engage in discussion
0.34,0.15,0.52,0,0,0,0,0:engage in discussion
0.34,0.15,0.52,0,0,0,0,0:engage in discussion
0.34,0.15,0.52,0,0,0,0,0:engage in discussion
0.34,0.15,0.52,0,0,0,0,0:engage in discussion
0.34,0.15,0.52,0,0,0,0,0:engage in discussion
0.34,0.15,0.52,0,0,0,0,0:engage in discussion
0.34,0.15,0.52,0,0,0,0,0:engage in discussion
0.34,0.15,0.52,0,0,0,0,0:engage in discussion
0.34,0.15,0.52,0,0,0,0,0:engage in discussion
0.34,0.15,0.52,0,0,0,0,0:engage in discussion
0.34,0.15,0.52,0,0,0,0,0:engage in discussion
0.34,0.15,0.52,0,0,0,0,0:engage in discussion
0.34,0.15,0.52,0,0,0,0,0:engage in discussion
0.38,0.24,0.38,0.0,0.0,1.0,0.0,0.0:change topic
0.39,0.24,0.37,0.0,0.0,1.0,0.0,0.0:change topic
0.39,0.24,0.37,0.0,0.0,1.0,0.0,0.0:change topic
0.39,0.24,0.37,0.0,0.0,1.0,0.0,0.0:change topic
0.38,0.23,0.39,0.0,0.0,1.0,0.0,0.0:change topic
0.38,0.23,0.39,0.0,0.0,1.0,0.0,0.0:change topic
0.38,0.23,0.39,0.0,0.0,1.0,0.0,0.0:change topic
0.38,0.23,0.39,0.0,0.0,1.0,0.0,0.0:change topic
0.39,0.23,0.38,0.0,0.0,1.0,0.0,0.0:change topic
0.39,0.23,0.38,0.0,0.0,1.0,0.0,0.0:change topic
0.38,0.22,0.39,0,0,0,0,0:pay attention
0.39,0.22,0.39,0,0,0,0,0:ask questions
0.39,0.22,0.39,0,0,0,0,0:ask questions
0.39,0.22,0.39,0,0,0,0,0:ask questions
0.38,0.23,0.39,0,0,0,0,0:ask questions
0.38,0.23,0.39,0,0,0,0,0:ask questions
0.38,0.24,0.39,0,0,0,0,0:ask questions
0.38,0.24,0.39,0,0,0,0,0:ask questions
0.38,0.24,0.39,0,0,0,0,0:ask questions
0.38,0.23,0.4,0,0,0,0,0:ask questions
0.38,0.23,0.4,0.0,0.0,1.0,0.0,0.0:ask questions
0.38,0.23,0.4,0.0,0.0,1.0,0.0,0.0:ask questions
0.38,0.23,0.4,0.0,0.0,1.0,0.0,0.0:pay attention
0.38,0.23,0.4,0.0,0.0,1.0,0.0,0.0:pay attention
0.38,0.23,0.39,0.0,0.0,1.0,0.0,0.0:pay attention
0.38,0.23,0.39,0.0,0.0,1.0,0.0,0.0:pay attention
0.39,0.24,0.37,0.0,0.0,1.0,0.0,0.0:pay attention
0.39,0.24,0.37,0.0,0.0,1.0,0.0,0.0:pay attention
0.39,0.24,0.37,0.0,0.0,1.0,0.0,0.0:pay attention
0.39,0.24,0.37,0.0,0.0,1.0,0.0,0.0:pay attention
0.39,0.24,0.37,0.0,0.0,1.0,0.0,0.0:pay attention
0.39,0.24,0.37,0.0,0.0,1.0,0.0,0.0:pay attention
0.39,0.24,0.37,0.0,0.0,1.0,0.0,0.0:pay attention
0.38,0.22,0.39,0.0,0.0,1.0,0.0,0.0:pay attention
0.38,0.22,0.39,0.0,0.0,1.0,0.0,0.0:pay attention
0.38,0.22,0.39,0.0,0.0,1.0,0.0,0.0:pay attention
0.38,0.22,0.39,0.0,0.0,1.0,0.0,0.0:pay attention
0.38,0.23,0.38,0.0,0.0,1.0,0.0,0.0:pay attention
0.38,0.23,0.38,0.0,0.0,1.0,0.0,0.0:pay attention
0.38,0.23,0.38,0.0,0.0,1.0,0.0,0.0:pay attention
0.38,0.23,0.38,0.0,0.0,1.0,0.0,0.0:pay attention
0.39,0.23,0.38,0,0,0,0,0:ask questions
0.39,0.23,0.38,0,0,0,0,0:ask questions
0.38,0.24,0.38,0,0,0,0,0:ask questions
0.38,0.24,0.38,0,0,0,0,0:ask questions
0.38,0.24,0.38,0,0,0,0,0:ask questions
0.38,0.23,0.39,0,0,0,0,0:ask questions
0.38,0.23,0.39,0,0,0,0,0:ask questions
0.38,0.23,0.39,0,0,0,0,0:ask questions
0.38,0.23,0.4,0.0,0.0,1.0,0.0,0.0:pay attention
0.38,0.23,0.4,0.0,0.0,1.0,0.0,0.0:pay attention
0.38,0.23,0.4,0.0,0.0,1.0,0.0,0.0:pay attention
0.38,0.23,0.4,0.0,0.0,1.0,0.0,0.0:pay attention
0.38,0.23,0.4,0.0,0.0,1.0,0.0,0.0:pay attention
0.38,0.23,0.4,0.0,0.0,1.0,0.0,0.0:pay attention
0.38,0.22,0.4,0.0,0.0,1.0,0.0,0.0:pay attention
0.38,0.22,0.4,0.0,0.0,1.0,0.0,0.0:pay attention
0.38,0.23,0.39,0.0,0.0,1.0,0.0,0.0:pay attention
0.38,0.23,0.39,0.0,0.0,1.0,0.0,0.0:pay attention
0.38,0.23,0.39,0.0,0.0,1.0,0.0,0.0:pay attention
0.38,0.23,0.39,0.0,0.0,1.0,0.0,0.0:pay attention
0.39,0.24,0.37,0.0,0.0,1.0,0.0,0.0:pay attention
0.39,0.24,0.37,0.0,0.0,0.83,0.0,0.17:pay attention
0.39,0.24,0.37,0.0,0.0,0.83,0.0,0.17:pay attention
0.39,0.24,0.37,0.0,0.0,0.83,0.0,0.17:pay attention
0.4,0.25,0.35,0,0,0,0,0:pay attention
0.4,0.25,0.35,0,0,0,0,0:pay attention
0.4,0.25,0.35,0.0,0.0,0.99,0.0,0.01:engage in discussion
0.39,0.24,0.37,0.0,0.0,0.99,0.0,0.01:pay attention
0.39,0.24,0.37,0.0,0.0,0.99,0.0,0.01:pay attention
0.39,0.24,0.37,0.0,0.0,0.99,0.0,0.01:pay attention
0.39,0.23,0.38,0.0,0.0,0.99,0.0,0.01:pay attention
0.39,0.23,0.38,0.0,0.0,0.99,0.0,0.01:pay attention
0.39,0.23,0.38,0.0,0.0,0.99,0.0,0.01:pay attention
0.4,0.25,0.35,0.0,0.0,0.99,0.0,0.01:pay attention
0.4,0.25,0.35,0,0,0,0,0:pay attention
0.4,0.25,0.35,0,0,0,0,0:pay attention
0.4,0.25,0.35,0,0,0,0,0:pay attention
0.4,0.25,0.35,0,0,0,0,0:pay attention
0.4,0.25,0.35,0,0,0,0,0:engage in discussion
0.4,0.26,0.34,0,0,0,0,0:pay attention
0.4,0.26,0.34,0,0,0,0,0:pay attention
0.4,0.24,0.36,0,0,0,0,0:pay attention
0.4,0.24,0.36,0.01,0.0,0.93,0.0,0.06:pay attention
0.4,0.24,0.36,0.01,0.0,0.93,0.0,0.06:pay attention
0.4,0.25,0.35,0.01,0.0,0.93,0.0,0.06:pay attention
0.4,0.25,0.35,0.01,0.0,0.93,0.0,0.06:engage in discussion
0.4,0.25,0.35,0.01,0.0,0.93,0.0,0.06:engage in discussion
0.39,0.24,0.36,0.01,0.0,0.93,0.0,0.06:pay attention
0.39,0.24,0.36,0.01,0.0,0.93,0.0,0.06:pay attention
0.39,0.24,0.36,0.01,0.0,0.93,0.0,0.06:pay attention
0.39,0.23,0.38,0.01,0.0,0.93,0.0,0.06:pay attention
0.39,0.23,0.38,0.01,0.0,0.93,0.0,0.06:pay attention
0.39,0.23,0.38,0.01,0.0,0.93,0.0,0.06:pay attention
0.39,0.23,0.38,0.25,0.09,0.42,0.23,0.0:pay attention
0.4,0.25,0.35,0.25,0.09,0.42,0.23,0.0:pay attention
0.39,0.23,0.39,0.25,0.09,0.42,0.23,0.0:pay attention
0.39,0.23,0.39,0.25,0.09,0.42,0.23,0.0:pay attention
0.4,0.25,0.35,0.25,0.09,0.42,0.23,0.0:pay attention
0.4,0.25,0.35,0.25,0.09,0.42,0.23,0.0:pay attention
0.4,0.25,0.35,0.25,0.09,0.42,0.23,0.0:pay attention
0,0,0,0,0,0,0,0:ask questions
0,0,0,0,0,0,0,0:ask questions
